----------------------------------------------------------
№    | Дата/время           | Температура   | Осадки (мм) 
----------------------------------------------------------
1    | 2026-05-07T00:00     | 14,4          | 0,00        
2    | 2026-05-07T01:00     | 13,7          | 0,00        
3    | 2026-05-07T02:00     | 13,0          | 0,00        
4    | 2026-05-07T03:00     | 12,2          | 0,00        
5    | 2026-05-07T04:00     | 11,3          | 0,00        
6    | 2026-05-07T05:00     | 10,8          | 0,00        
7    | 2026-05-07T06:00     | 12,1          | 0,00        
8    | 2026-05-07T07:00     | 13,7          | 0,00        
9    | 2026-05-07T08:00     | 15,2          | 0,00        
10   | 2026-05-07T09:00     | 17,2          | 0,00        
11   | 2026-05-07T10:00     | 19,2          | 0,00        
12   | 2026-05-07T11:00     | 20,9          | 0,00        
13   | 2026-05-07T12:00     | 22,0          | 0,00        
14   | 2026-05-07T13:00     | 23,0          | 0,00        
15   | 2026-05-07T14:00     | 23,9          | 0,00        
16   | 2026-05-07T15:00     | 24,6          | 0,00        
17   | 2026-05-07T16:00     | 25,0          | 0,00        
18   | 2026-05-07T17:00     | 25,1          | 0,00        
19   | 2026-05-07T18:00     | 24,8          | 0,00        
20   | 2026-05-07T19:00     | 23,8          | 0,00        
21   | 2026-05-07T20:00     | 20,7          | 0,00        
22   | 2026-05-07T21:00     | 19,8          | 0,00        
23   | 2026-05-07T22:00     | 19,0          | 0,00        
24   | 2026-05-07T23:00     | 18,2          | 0,00        
----------------------------------------------------------